0 1 8 7 6
1 0 2 9 8 7
2 1 3 10 9 8
3 2 10 9
4 5 12 11
5 4 6 13 12 11
6 5 0 7 14 13 12
7 6 0 1 8 15 14 13
8 7 0 1 2 9 16 15 14
9 8 1 2 3 10 17 16 15
10 9 2 3 17 16
11 4 5 12 19 18
12 11 4 5 6 13 20 19 18
13 12 5 6 7 14 21 20 19
14 13 6 7 8 15 22 21 20
15 14 7 8 9 16 23 22 21
16 15 8 9 10 17 24 23 22
17 16 9 10 24 23
18 11 12 19 25
19 18 11 12 13 20 26 25
20 19 12 13 14 21 27 26 25
21 20 13 14 15 22 28 27 26
22 21 14 15 16 23 29 28 27
23 22 15 16 17 24 30 29 28
24 23 16 17 30 29
25 18 19 20 26
26 25 19 20 21 27
27 26 20 21 22 28
28 27 21 22 23 29
29 28 22 23 24 30 31
30 29 23 24 31
31 29 30
32 0 1 2 3 4 5 6 7 8 9 10 11 12 13 14 15 16 17 18 19 20 21 22 23 24 25 26 27 28 29 30 31
